0 0.0671875 0.475 0.05234375 0.4890625
0 0.1296875 0.425 0.046875 0.31953125
0 0.27578125 0.4265625 0.0421875 0.30859375
0 0.3328125 0.4375 0.05625 0.30546875
0 0.3734375 0.415625 0.025 0.221875
0 0.571875 0.3765625 0.046875 0.153125
0 0.571875 0.4171875 0.0375 0.1515625
0 0.5421875 0.390625 0.02109375 0.1484375
0 0.67265625 0.3953125 0.028125 0.134375
0 0.715625 0.3875 0.01484375 0.09453125
0 0.7875 0.39296875 0.0125 0.08046875
0 0.765625 0.38828125 0.01953125 0.09296875
0 0.8140625 0.38359375 0.01328125 0.08046875
0 0.9625 0.3984375 0.01484375 0.08359375
0 0.975 0.3921875 0.01328125 0.090625