0 0.90625 0.546875 0.0703125 0.41796875
0 0.83515625 0.59375 0.0625 0.55390625
0 0.6125 0.534375 0.05703125 0.4015625
0 0.5484375 0.48984375 0.04609375 0.3234375
0 0.5734375 0.4578125 0.0265625 0.27109375
0 0.4984375 0.43984375 0.04609375 0.30390625
0 0.409375 0.5 0.08125 0.3890625
0 0.37890625 0.4796875 0.0359375 0.3015625
0 0.3953125 0.32890625 0.02578125 0.1
0 0.3421875 0.4390625 0.05546875 0.325
0 0.278125 0.43671875 0.04375 0.32109375
0 0.3 0.415625 0.02109375 0.2265625
0 0.24609375 0.4 0.025 0.15
0 0.21875 0.3828125 0.0203125 0.15390625
0 0.19609375 0.3765625 0.028125 0.15546875