0 0.04375 0.615625 0.08671875 0.7125
0 0.3390625 0.546875 0.12265625 0.69609375
0 0.2890625 0.490625 0.10078125 0.5734375
0 0.140625 0.30859375 0.01796875 0.08359375
0 0.203125 0.3390625 0.03046875 0.13046875
0 0.23984375 0.33671875 0.01875 0.14296875
0 0.4 0.35 0.02109375 0.13359375
0 0.446875 0.3328125 0.02421875 0.115625
0 0.49296875 0.3375 0.021875 0.13046875
0 0.4734375 0.33125 0.01953125 0.09609375
0 0.5453125 0.315625 0.01953125 0.11796875
0 0.528125 0.31875 0.02578125 0.134375
0 0.5703125 0.33203125 0.02265625 0.128125
0 0.60390625 0.3234375 0.0140625 0.10859375
0 0.6484375 0.278125 0.025 0.05
0 0.6875 0.26328125 0.0109375 0.0734375
0 0.75625 0.365625 0.06171875 0.24453125
0 0.8046875 0.334375 0.03125 0.159375
0 0.825 0.321875 0.01328125 0.128125
0 0.8515625 0.3328125 0.03203125 0.16796875
0 0.8890625 0.315625 0.015625 0.0859375
0 0.8765625 0.29765625 0.01328125 0.090625
0 0.9140625 0.3421875 0.0421875 0.13203125