0 0.08671875 0.3609375 0.0625 0.2390625
0 0.24140625 0.390625 0.01875 0.07109375
0 0.29765625 0.4140625 0.0609375 0.3359375
0 0.33203125 0.4203125 0.0296875 0.240625
0 0.375 0.4328125 0.04140625 0.2515625
0 0.5375 0.396875 0.02578125 0.134375
0 0.5625 0.409375 0.0328125 0.15546875
0 0.59375 0.39453125 0.03359375 0.18359375
0 0.63046875 0.4 0.01875 0.1359375
0 0.75546875 0.3875 0.0171875 0.08359375
0 0.778125 0.39375 0.01796875 0.07890625
0 0.78828125 0.39140625 0.009375 0.06640625
0 0.8015625 0.39375 0.00859375 0.0625
0 0.94921875 0.3921875 0.0296875 0.084375