0 0.01328125 0.38125 0.021875 0.1515625
0 0.0359375 0.36640625 0.0171875 0.11640625
0 0.13515625 0.47421875 0.0890625 0.4015625
0 0.1109375 0.31796875 0.01796875 0.0640625
0 0.30078125 0.36484375 0.0203125 0.1375
0 0.36875 0.5609375 0.11015625 0.68046875
0 0.33125 0.3203125 0.021875 0.08203125
0 0.50078125 0.36875 0.0296875 0.13203125
0 0.5453125 0.34765625 0.025 0.12109375
0 0.6234375 0.47578125 0.075 0.40703125
0 0.7453125 0.42734375 0.07265625 0.390625
0 0.70078125 0.353125 0.0171875 0.13359375
0 0.671875 0.309375 0.0125 0.075
0 0.659375 0.41015625 0.046875 0.33203125
0 0.784375 0.2765625 0.01640625 0.071875
0 0.8015625 0.30859375 0.02578125 0.1
0 0.8484375 0.3140625 0.01953125 0.08359375
0 0.8921875 0.35546875 0.0515625 0.1890625
0 0.9140625 0.3359375 0.01953125 0.14453125
0 0.934375 0.3171875 0.01328125 0.10703125
0 0.965625 0.334375 0.0234375 0.13359375
0 0.9484375 0.31796875 0.00859375 0.08359375
0 0.978125 0.31875 0.01328125 0.090625
0 0.9890625 0.3046875 0.01796875 0.08203125