0 0.2609375 0.55546875 0.16015625 0.74453125
0 0.103125 0.31171875 0.01796875 0.090625
0 0.171875 0.334375 0.01640625 0.134375
0 0.20859375 0.28203125 0.021875 0.05859375
0 0.35859375 0.3390625 0.0171875 0.128125
0 0.375 0.35078125 0.01796875 0.14609375
0 0.4234375 0.334375 0.03046875 0.1234375
0 0.4625 0.3375 0.03125 0.13359375
0 0.45 0.334375 0.02109375 0.0984375
0 0.50625 0.33046875 0.04453125 0.153125
0 0.5421875 0.340625 0.02265625 0.13046875
0 0.5765625 0.328125 0.01484375 0.12109375
0 0.625 0.2828125 0.02109375 0.0484375
0 0.6609375 0.2671875 0.01796875 0.0734375
0 0.72421875 0.3703125 0.065625 0.25703125
0 0.7703125 0.34453125 0.03203125 0.153125
0 0.8125 0.33515625 0.03125 0.165625
0 0.7921875 0.328125 0.01484375 0.121875
0 0.8828125 0.353125 0.03984375 0.1375
0 0.84765625 0.29609375 0.0140625 0.06640625
0 0.8359375 0.3046875 0.0140625 0.0734375