0 0.16875 0.46171875 0.05234375 0.325
0 0.22109375 0.43671875 0.0375 0.303125
0 0.2671875 0.50234375 0.06796875 0.40234375
0 0.3328125 0.45859375 0.0515625 0.296875
0 0.29375 0.35 0.040625 0.1703125
0 0.39375 0.44453125 0.059375 0.29140625
0 0.34453125 0.35 0.03203125 0.1109375
0 0.44921875 0.41328125 0.03515625 0.22421875
0 0.48046875 0.39140625 0.0296875 0.1796875
0 0.5296875 0.36484375 0.025 0.140625
0 0.50390625 0.36953125 0.01796875 0.16015625
0 0.578125 0.36953125 0.0203125 0.1125
0 0.55078125 0.3390625 0.0203125 0.0890625
0 0.76171875 0.35546875 0.015625 0.08515625
0 0.928125 0.35 0.02734375 0.096875
0 0.10859375 0.36875 0.02421875 0.13984375