0 0.034375 0.459375 0.06875 0.41875
0 0.26015625 0.490625 0.1 0.578125
0 0.165625 0.3390625 0.0265625 0.121875
0 0.1109375 0.35078125 0.02421875 0.12890625
0 0.30625 0.34453125 0.025 0.121875
0 0.3609375 0.39453125 0.0484375 0.24453125
0 0.44375 0.45234375 0.12578125 0.515625
0 0.52421875 0.375 0.028125 0.175
0 0.49765625 0.34296875 0.0265625 0.14140625
0 0.565625 0.359375 0.02578125 0.1390625
0 0.5421875 0.3203125 0.01796875 0.1125
0 0.584375 0.3453125 0.0140625 0.140625
0 0.6078125 0.33046875 0.0171875 0.10546875
0 0.6234375 0.321875 0.02421875 0.084375
0 0.628125 0.36328125 0.04140625 0.1265625
0 0.79375 0.31953125 0.02109375 0.0859375