0 0.09453125 0.653125 0.09453125 0.5703125
0 0.0171875 0.5421875 0.034375 0.3875
0 0.0578125 0.428125 0.0375 0.20234375
0 0.13203125 0.4203125 0.03125 0.140625
0 0.2078125 0.5609375 0.053125 0.38515625
0 0.18359375 0.43125 0.046875 0.23671875
0 0.2890625 0.56484375 0.06484375 0.3734375
0 0.25078125 0.44140625 0.0328125 0.2015625
0 0.3359375 0.49765625 0.04375 0.29609375
0 0.37421875 0.4859375 0.0328125 0.271875
0 0.428125 0.45703125 0.04765625 0.2046875
0 0.54609375 0.446875 0.04296875 0.13828125
0 0.50859375 0.409375 0.01953125 0.1140625
0 0.5375 0.39921875 0.0265625 0.11640625
0 0.48828125 0.428125 0.0203125 0.12421875
0 0.86875 0.41640625 0.0234375 0.09609375
0 0.7375 0.41015625 0.01953125 0.10546875
0 0.90625 0.40234375 0.015625 0.0953125
0 0.98828125 0.3984375 0.0125 0.0875