0 0.08671875 0.64296875 0.096875 0.609375
0 0.18984375 0.57734375 0.0671875 0.4
0 0.26953125 0.56171875 0.05078125 0.40546875
0 0.33359375 0.5203125 0.05390625 0.3078125
0 0.37265625 0.50546875 0.04375 0.2734375
0 0.41953125 0.4625 0.028125 0.2109375
0 0.48984375 0.4359375 0.01796875 0.13046875
0 0.54296875 0.44765625 0.046875 0.121875
0 0.12109375 0.4171875 0.03828125 0.14296875
0 0.18359375 0.40078125 0.046875 0.16171875
0 0.2375 0.42265625 0.0265625 0.15
0 0.015625 0.40078125 0.03125 0.12421875
0 0.73515625 0.415625 0.0203125 0.0984375
0 0.86015625 0.41484375 0.02734375 0.0921875
0 0.984375 0.3984375 0.01328125 0.0921875
0 0.90078125 0.40703125 0.0171875 0.0859375