0 0.70703125 0.51328125 0.0234375 0.07109375
0 0.4984375 0.496875 0.02265625 0.08203125
0 0.48046875 0.5046875 0.015625 0.0734375
0 0.47578125 0.49140625 0.01875 0.071875
0 0.3875 0.49921875 0.015625 0.04609375
0 0.3578125 0.48359375 0.01640625 0.06953125
0 0.2796875 0.49453125 0.0203125 0.075
0 0.15078125 0.4578125 0.0109375 0.040625
0 0.13203125 0.465625 0.01875 0.04296875
0 0.103125 0.45 0.0125 0.0390625
0 0.0796875 0.43828125 0.009375 0.04296875
0 0.0890625 0.4546875 0.01171875 0.04609375
0 0.0703125 0.4453125 0.01171875 0.0484375
0 0.0328125 0.434375 0.01640625 0.0484375