0 0.0984375 0.51953125 0.01640625 0.071875
0 0.21875 0.47734375 0.01640625 0.0515625
0 0.2671875 0.49296875 0.01484375 0.04140625
0 0.38125 0.48359375 0.02109375 0.03359375
0 0.44296875 0.47421875 0.0125 0.04609375
0 0.4671875 0.471875 0.01640625 0.0609375
0 0.45703125 0.4671875 0.0140625 0.0515625
0 0.8359375 0.58359375 0.04296875 0.146875
0 0.709375 0.44765625 0.01484375 0.05390625
0 0.6515625 0.421875 0.01484375 0.0484375
0 0.915625 0.46171875 0.01484375 0.04296875
0 0.953125 0.4671875 0.01953125 0.05703125