0 0.0515625 0.4515625 0.08515625 0.375
0 0.234375 0.4796875 0.12109375 0.59296875
0 0.3109375 0.37734375 0.03046875 0.1984375
0 0.328125 0.29453125 0.01328125 0.1109375
0 0.159375 0.33515625 0.025 0.1234375
0 0.10625 0.34765625 0.021875 0.13203125
0 0.44296875 0.45625 0.0953125 0.52890625
0 0.353125 0.3875 0.03671875 0.2609375
0 0.3859375 0.38046875 0.03125 0.21640625
0 0.47421875 0.37578125 0.01875 0.1734375
0 0.465625 0.31484375 0.0171875 0.115625
0 0.52109375 0.3734375 0.0375 0.18046875
0 0.49375 0.3375 0.02421875 0.1359375
0 0.5359375 0.315625 0.01796875 0.1125
0 0.559375 0.36640625 0.02109375 0.15546875
0 0.578125 0.35 0.01484375 0.14453125
0 0.60390625 0.340625 0.01875 0.121875
0 0.61875 0.3171875 0.01953125 0.09296875
0 0.6234375 0.3609375 0.0421875 0.128125
0 0.790625 0.3234375 0.01796875 0.09140625
0 0.98203125 0.32734375 0.0171875 0.10390625