0 0.1828125 0.496875 0.16328125 0.6890625
0 0.35 0.47109375 0.1171875 0.65
0 0.0921875 0.328125 0.01640625 0.14453125
0 0.15 0.23984375 0.03671875 0.05390625
0 0.2359375 0.284375 0.01640625 0.109375
0 0.2515625 0.290625 0.021875 0.1140625
0 0.2859375 0.37578125 0.059375 0.284375
0 0.415625 0.38359375 0.0453125 0.26640625
0 0.45625 0.34609375 0.03671875 0.196875
0 0.49375 0.3625 0.03203125 0.19453125
0 0.46640625 0.27265625 0.021875 0.08203125
0 0.5390625 0.3359375 0.02421875 0.16953125
0 0.5140625 0.32890625 0.0203125 0.19453125
0 0.61015625 0.328125 0.0421875 0.13203125
0 0.5640625 0.290625 0.0140625 0.096875
0 0.58046875 0.3140625 0.015625 0.14453125
0 0.76171875 0.28515625 0.01875 0.090625