0 0.1296875 0.54296875 0.24921875 0.90859375
0 0.1890625 0.32890625 0.02890625 0.1359375
0 0.2453125 0.32109375 0.02578125 0.13359375
0 0.228125 0.31171875 0.0265625 0.11796875
0 0.2734375 0.29609375 0.0265625 0.075
0 0.2953125 0.38671875 0.05546875 0.25703125
0 0.32109375 0.37578125 0.0390625 0.240625
0 0.3875 0.41328125 0.06171875 0.3015625
0 0.37109375 0.303125 0.03125 0.11640625
0 0.4671875 0.38125 0.03359375 0.22109375
0 0.4328125 0.33125 0.02890625 0.17109375
0 0.51953125 0.35078125 0.028125 0.1625
0 0.55078125 0.315625 0.01875 0.11953125
0 0.60625 0.33671875 0.04375 0.11796875
0 0.76484375 0.30078125 0.021875 0.0875
0 0.9671875 0.3015625 0.01796875 0.08359375