0 0.10859375 0.35703125 0.02421875 0.12578125
0 0.14921875 0.35625 0.01875 0.13203125
0 0.1921875 0.4390625 0.05078125 0.303125
0 0.3046875 0.46640625 0.0625 0.3625
0 0.2421875 0.4140625 0.03359375 0.28984375
0 0.35234375 0.42890625 0.040625 0.28671875
0 0.3703125 0.378125 0.03046875 0.1953125
0 0.31171875 0.31328125 0.03671875 0.10703125
0 0.40859375 0.42578125 0.04609375 0.27734375
0 0.46640625 0.396875 0.03359375 0.21328125
0 0.49140625 0.36640625 0.02734375 0.17734375
0 0.515625 0.35 0.02734375 0.14765625
0 0.540625 0.34765625 0.0375 0.134375
0 0.5765625 0.353125 0.0328125 0.10390625
0 0.76171875 0.33359375 0.01796875 0.11015625
0 0.92734375 0.33125 0.021875 0.10703125
0 0.08515625 0.3296875 0.01640625 0.09296875