0 0.0953125 0.44140625 0.07109375 0.35546875
0 0.2125 0.5 0.11015625 0.6359375
0 0.140625 0.3125 0.0125 0.08046875
0 0.2828125 0.3359375 0.02421875 0.125
0 0.25625 0.28515625 0.02890625 0.0625
0 0.3125 0.371875 0.02421875 0.178125
0 0.33359375 0.4046875 0.0484375 0.25703125
0 0.41015625 0.46484375 0.09375 0.56796875
0 0.4703125 0.39765625 0.0390625 0.2125
0 0.5109375 0.38671875 0.0390625 0.184375
0 0.4484375 0.2859375 0.02578125 0.0859375
0 0.35625 0.3015625 0.02578125 0.0859375
0 0.5515625 0.371875 0.03515625 0.159375
0 0.48671875 0.30625 0.021875 0.09609375
0 0.525 0.30390625 0.0234375 0.096875
0 0.5703125 0.334375 0.01796875 0.1140625
0 0.61875 0.36328125 0.04609375 0.13203125
0 0.5796875 0.33828125 0.01484375 0.134375
0 0.7796875 0.31953125 0.01171875 0.08359375