0 0.1453125 0.525 0.2171875 0.7859375
0 0.3015625 0.50078125 0.14453125 0.75390625
0 0.2078125 0.35546875 0.0515625 0.271875
0 0.24375 0.3765625 0.0484375 0.3140625
0 0.3546875 0.29609375 0.0265625 0.146875
0 0.41015625 0.365625 0.046875 0.2859375
0 0.38125 0.30703125 0.021875 0.18046875
0 0.4515625 0.34609375 0.03125 0.20859375
0 0.4890625 0.33046875 0.03125 0.1890625
0 0.5140625 0.31796875 0.02578125 0.203125
0 0.53515625 0.31015625 0.0234375 0.184375
0 0.5703125 0.30078125 0.01953125 0.14296875
0 0.58671875 0.296875 0.025 0.140625
0 0.60625 0.3140625 0.0453125 0.128125
0 0.609375 0.27578125 0.01953125 0.07890625
0 0.775 0.26484375 0.01796875 0.084375