0 0.171875 0.4859375 0.08671875 0.478125
0 0.2015625 0.42265625 0.0453125 0.259375
0 0.2765625 0.4203125 0.06328125 0.3015625
0 0.2359375 0.3625 0.02265625 0.15
0 0.2890625 0.30859375 0.01796875 0.06953125
0 0.3125 0.3625 0.01484375 0.14140625
0 0.3328125 0.32265625 0.021875 0.109375
0 0.1265625 0.34921875 0.0234375 0.090625
0 0.41484375 0.43671875 0.0734375 0.4015625
0 0.440625 0.37578125 0.025 0.215625
0 0.38125 0.37421875 0.02109375 0.190625
0 0.515625 0.428125 0.06171875 0.3515625
0 0.4671875 0.3890625 0.0375 0.196875
0 0.5609375 0.38203125 0.02421875 0.16640625
0 0.5890625 0.365625 0.02109375 0.1640625
0 0.62109375 0.36484375 0.021875 0.1265625
0 0.6484375 0.3703125 0.04609375 0.11796875
0 0.653125 0.325 0.02734375 0.078125
0 0.6375 0.33125 0.02109375 0.0984375
0 0.8046875 0.3328125 0.0125 0.09296875
0 0.7921875 0.3140625 0.00859375 0.06953125