0 0.13828125 0.5 0.06015625 0.346875
0 0.2 0.4796875 0.04296875 0.31484375
0 0.23671875 0.55703125 0.071875 0.4515625
0 0.3125 0.50390625 0.05703125 0.32578125
0 0.275 0.41328125 0.03671875 0.21015625
0 0.3875 0.5 0.053125 0.3
0 0.365625 0.38671875 0.0296875 0.1296875
0 0.41171875 0.45078125 0.03046875 0.2609375
0 0.45 0.45546875 0.04140625 0.24375
0 0.47265625 0.43203125 0.03125 0.2015625
0 0.51875 0.41640625 0.021875 0.165625
0 0.5515625 0.41015625 0.021875 0.134375
0 0.5765625 0.41484375 0.040625 0.125
0 0.7640625 0.38359375 0.02265625 0.103125
0 0.83671875 0.3734375 0.0171875 0.0890625
0 0.9328125 0.38046875 0.015625 0.09765625
0 0.328125 0.38203125 0.025 0.1203125