0 0.0953125 0.615625 0.09140625 0.55
0 0.028125 0.53671875 0.04296875 0.39609375
0 0.209375 0.55859375 0.05625 0.38515625
0 0.2875 0.5375 0.06875 0.3796875
0 0.18671875 0.37109375 0.03984375 0.16796875
0 0.13515625 0.409375 0.04375 0.15078125
0 0.2515625 0.43046875 0.03046875 0.20234375
0 0.328125 0.49609375 0.0484375 0.296875
0 0.37734375 0.49453125 0.0359375 0.2703125
0 0.42734375 0.44921875 0.04375 0.21640625
0 0.54453125 0.434375 0.04375 0.13125
0 0.8765625 0.390625 0.01875 0.0953125
0 0.7390625 0.39921875 0.021875 0.09765625
0 0.984375 0.38203125 0.01796875 0.0828125