0 0.10390625 0.353125 0.01953125 0.08515625
0 0.13515625 0.384375 0.0203125 0.13828125
0 0.17890625 0.396875 0.02578125 0.13984375
0 0.23046875 0.46875 0.0453125 0.2734375
0 0.2734375 0.43046875 0.0328125 0.271875
0 0.3515625 0.49453125 0.0625 0.34453125
0 0.3125 0.4140625 0.025 0.23828125
0 0.38515625 0.45625 0.03515625 0.2640625
0 0.4375 0.44765625 0.03515625 0.2640625
0 0.40234375 0.40078125 0.02578125 0.18984375
0 0.45703125 0.41484375 0.02734375 0.23671875
0 0.49921875 0.425 0.02890625 0.20078125
0 0.52421875 0.4 0.028125 0.17421875
0 0.54296875 0.38125 0.02890625 0.1328125
0 0.5765625 0.35859375 0.021875 0.096875
0 0.59609375 0.39765625 0.04765625 0.1328125
0 0.7734375 0.359375 0.0171875 0.12109375
0 0.95390625 0.36484375 0.02734375 0.1078125