0 0.06484375 0.5171875 0.0640625 0.371875
0 0.13671875 0.58984375 0.0640625 0.5453125
0 0.2421875 0.5328125 0.05703125 0.36640625
0 0.32109375 0.51484375 0.0609375 0.36640625
0 0.39453125 0.471875 0.040625 0.2625
0 0.4421875 0.4359375 0.0375 0.209375
0 0.275 0.43515625 0.03671875 0.22578125
0 0.22421875 0.4015625 0.034375 0.2328125
0 0.56015625 0.42109375 0.04375 0.13203125
0 0.509375 0.39765625 0.02421875 0.10859375
0 0.75 0.3859375 0.02578125 0.109375
0 0.9125 0.39296875 0.01640625 0.09921875
0 0.01484375 0.5265625 0.0296875 0.353125