0 0.14921875 0.565625 0.01875 0.06953125
0 0.21171875 0.5515625 0.0234375 0.06640625
0 0.48203125 0.51953125 0.0328125 0.053125
0 0.5515625 0.50546875 0.02578125 0.071875
0 0.5765625 0.50703125 0.021875 0.078125
0 0.446875 0.434375 0.009375 0.034375
0 0.5296875 0.41484375 0.00859375 0.02890625
0 0.65234375 0.471875 0.0140625 0.06796875
0 0.73203125 0.4734375 0.021875 0.05859375
0 0.77265625 0.4828125 0.0140625 0.04609375
0 0.790625 0.48515625 0.01796875 0.040625
0 0.884375 0.4859375 0.021875 0.071875
0 0.990625 0.48828125 0.0140625 0.1015625