0 0.02421875 0.37421875 0.0234375 0.14296875
0 0.0828125 0.36015625 0.02421875 0.12890625
0 0.16484375 0.465625 0.0640625 0.38046875
0 0.234375 0.49375 0.09140625 0.44609375
0 0.290625 0.3828125 0.02421875 0.140625
0 0.2765625 0.31171875 0.01953125 0.07109375
0 0.33125 0.35390625 0.02109375 0.1140625
0 0.346875 0.3515625 0.0203125 0.1109375
0 0.3953125 0.465625 0.10390625 0.4390625
0 0.43984375 0.41875 0.0296875 0.2515625
0 0.51875 0.35234375 0.01015625 0.07890625
0 0.49921875 0.32421875 0.0109375 0.09296875
0 0.55078125 0.34609375 0.0140625 0.0890625
0 0.5765625 0.39765625 0.03671875 0.24296875
0 0.6015625 0.334375 0.0171875 0.09609375
0 0.61796875 0.40234375 0.015625 0.0984375
0 0.615625 0.3359375 0.01875 0.05859375
0 0.6421875 0.38984375 0.034375 0.234375
0 0.67734375 0.36640625 0.0171875 0.11953125
0 0.6953125 0.346875 0.0140625 0.09453125
0 0.703125 0.3828125 0.0328125 0.1234375
0 0.85703125 0.3375 0.015625 0.096875
0 0.8859375 0.35546875 0.02265625 0.0859375