0 0.0109375 0.409375 0.01640625 0.1390625
0 0.0234375 0.3984375 0.01015625 0.11640625
0 0.04375 0.4 0.01640625 0.1390625
0 0.1015625 0.5515625 0.1125 0.54453125
0 0.21328125 0.409375 0.0203125 0.121875
0 0.265625 0.39375 0.0203125 0.10390625
0 0.33125 0.52109375 0.09609375 0.478125
0 0.3640625 0.36875 0.01796875 0.1015625
0 0.38984375 0.39296875 0.0171875 0.1140625
0 0.4265625 0.44921875 0.04765625 0.265625
0 0.4953125 0.35546875 0.01953125 0.04453125
0 0.52578125 0.421875 0.0203125 0.1859375
0 0.55 0.440625 0.05703125 0.27109375
0 0.63359375 0.403125 0.03125 0.18203125
0 0.6578125 0.38046875 0.01484375 0.1109375
0 0.68125 0.396875 0.02578125 0.165625
0 0.7015625 0.38671875 0.01015625 0.09609375
0 0.7125 0.36484375 0.0109375 0.0734375
0 0.7265625 0.35703125 0.0125 0.05859375
0 0.7625 0.37890625 0.015625 0.10546875
0 0.7265625 0.409375 0.040625 0.13046875