0 0.15546875 0.46875 0.0640625 0.38203125
0 0.2640625 0.4578125 0.05078125 0.340625
0 0.3515625 0.42890625 0.05625 0.346875
0 0.31484375 0.4265625 0.0171875 0.121875
0 0.5578125 0.41015625 0.0203125 0.1265625
0 0.578125 0.42890625 0.03828125 0.14140625
0 0.615625 0.403125 0.02890625 0.165625
0 0.653125 0.41328125 0.025 0.140625
0 0.6953125 0.409375 0.01640625 0.1015625
0 0.96796875 0.3984375 0.01875 0.0890625
0 0.7953125 0.40390625 0.01640625 0.078125
0 0.771875 0.3953125 0.0171875 0.07890625
0 0.8171875 0.39765625 0.01171875 0.0484375