0 0.08515625 0.41328125 0.075 0.315625
0 0.22265625 0.4265625 0.0359375 0.4
0 0.265625 0.453125 0.05078125 0.31953125
0 0.3234375 0.4484375 0.05390625 0.3109375
0 0.353125 0.44296875 0.01953125 0.25
0 0.51171875 0.41484375 0.0125 0.165625
0 0.528125 0.40703125 0.0140625 0.14453125
0 0.5484375 0.428125 0.0375 0.14453125
0 0.5546875 0.41015625 0.04921875 0.2015625
0 0.65625 0.40703125 0.02265625 0.1390625
0 0.690625 0.4046875 0.0125 0.10390625
0 0.73828125 0.40234375 0.0203125 0.1015625
0 0.7609375 0.40234375 0.01796875 0.084375
0 0.9359375 0.403125 0.01640625 0.078125
0 0.98984375 0.409375 0.0125 0.05703125
0 0.7921875 0.4046875 0.02109375 0.07109375