0 0.08671875 0.40859375 0.0125 0.08046875
0 0.11796875 0.434375 0.0171875 0.05703125
0 0.2171875 0.37421875 0.009375 0.06796875
0 0.371875 0.3953125 0.01640625 0.0734375
0 0.4296875 0.44375 0.04765625 0.2984375
0 0.49375 0.446875 0.04140625 0.2765625
0 0.66640625 0.396875 0.0203125 0.15703125
0 0.6890625 0.41328125 0.034375 0.12109375
0 0.7171875 0.4078125 0.01953125 0.14609375
0 0.77734375 0.39765625 0.0359375 0.159375
0 0.88203125 0.3890625 0.0125 0.08359375
0 0.90390625 0.38984375 0.0203125 0.115625
0 0.93203125 0.403125 0.0125 0.0609375
0 0.940625 0.38984375 0.01171875 0.059375