0 0.10390625 0.359375 0.021875 0.14765625
0 0.1515625 0.35625 0.0234375 0.13828125
0 0.17578125 0.446875 0.0625 0.31328125
0 0.2890625 0.47890625 0.06484375 0.38671875
0 0.23125 0.42265625 0.0375 0.29453125
0 0.34296875 0.43671875 0.0390625 0.26640625
0 0.3046875 0.31796875 0.0359375 0.1265625
0 0.2609375 0.33125 0.0296875 0.1296875
0 0.39765625 0.4375 0.0453125 0.27265625
0 0.34140625 0.43984375 0.03671875 0.271875
0 0.36171875 0.375 0.0265625 0.21640625
0 0.45625 0.40078125 0.03359375 0.2171875
0 0.4828125 0.375 0.0328125 0.1796875
0 0.5078125 0.35546875 0.0234375 0.159375
0 0.53359375 0.3625 0.02421875 0.1640625
0 0.578125 0.35703125 0.02265625 0.11171875
0 0.76171875 0.3375 0.015625 0.090625
0 0.92734375 0.3328125 0.01796875 0.08984375