0 0.103125 0.5203125 0.075 0.36328125
0 0.196875 0.58515625 0.0828125 0.48046875
0 0.271875 0.5203125 0.0515625 0.340625
0 0.35703125 0.51796875 0.05 0.340625
0 0.30078125 0.43125 0.03125 0.2
0 0.25078125 0.4078125 0.0375 0.184375
0 0.42109375 0.46484375 0.03203125 0.2578125
0 0.45859375 0.4328125 0.0234375 0.19296875
0 0.48984375 0.42109375 0.03046875 0.175
0 0.56328125 0.43046875 0.04296875 0.1421875
0 0.89453125 0.38984375 0.0203125 0.09765625
0 0.76328125 0.39453125 0.02109375 0.09921875
0 0.51875 0.39765625 0.0171875 0.10859375