0 0.99375 0.5078125 0.0125 0.059375
0 0.946875 0.4953125 0.0171875 0.05703125
0 0.909375 0.52421875 0.0140625 0.0765625
0 0.859375 0.49375 0.01484375 0.05703125
0 0.8765625 0.5984375 0.046875 0.0859375
0 0.6890625 0.47890625 0.00859375 0.028125
0 0.6703125 0.4765625 0.01015625 0.03359375
0 0.3484375 0.47421875 0.01171875 0.02890625
0 0.24296875 0.50859375 0.0109375 0.053125
0 0.53125 0.45703125 0.00625 0.028125
0 0.5453125 0.46015625 0.00703125 0.015625
0 0.14453125 0.4609375 0.009375 0.01953125
0 0.053125 0.46875 0.01015625 0.0375