0 0.10234375 0.5046875 0.1953125 0.784375
0 0.2890625 0.4953125 0.15390625 0.77890625
0 0.2171875 0.26640625 0.02734375 0.11640625
0 0.1546875 0.290625 0.02578125 0.125
0 0.34296875 0.34375 0.0390625 0.23203125
0 0.415625 0.359375 0.04765625 0.284375
0 0.4578125 0.33828125 0.0265625 0.22109375
0 0.4921875 0.3375 0.03203125 0.203125
0 0.515625 0.2484375 0.02109375 0.08359375
0 0.5375 0.30546875 0.02578125 0.18046875
0 0.3828125 0.30546875 0.02265625 0.1859375
0 0.58984375 0.28671875 0.028125 0.1484375
0 0.61171875 0.30390625 0.0484375 0.128125
0 0.7703125 0.26484375 0.01328125 0.09609375