0 0.10625 0.5359375 0.20859375 0.9109375
0 0.18203125 0.33828125 0.025 0.1375
0 0.1625 0.3265625 0.01953125 0.0890625
0 0.2375 0.309375 0.02421875 0.1015625
0 0.21796875 0.3125 0.0234375 0.11953125
0 0.27890625 0.3921875 0.0578125 0.2625
0 0.315625 0.3734375 0.040625 0.24140625
0 0.3765625 0.42265625 0.07109375 0.309375
0 0.36015625 0.3125 0.0265625 0.1390625
0 0.453125 0.39296875 0.04765625 0.21640625
0 0.4 0.31953125 0.02734375 0.128125
0 0.5125 0.359375 0.028125 0.15546875
0 0.4921875 0.33828125 0.02421875 0.1625
0 0.540625 0.33828125 0.02109375 0.1484375
0 0.5984375 0.34921875 0.0421875 0.1265625
0 0.95703125 0.31015625 0.0203125 0.09609375
0 0.7546875 0.309375 0.01953125 0.096875