0 0.09140625 0.528125 0.05234375 0.36484375
0 0.1765625 0.6109375 0.08671875 0.5078125
0 0.25703125 0.54140625 0.0484375 0.35
0 0.340625 0.52734375 0.0578125 0.340625
0 0.41484375 0.4921875 0.04296875 0.24765625
0 0.4515625 0.45 0.03828125 0.20390625
0 0.5671875 0.42734375 0.03984375 0.140625
0 0.2921875 0.44765625 0.0296875 0.21875
0 0.234375 0.4 0.05390625 0.17421875
0 0.05390625 0.51796875 0.05703125 0.340625
0 0.48203125 0.4390625 0.02890625 0.1921875
0 0.7578125 0.403125 0.02109375 0.096875