0 0.034375 0.4359375 0.04296875 0.25859375
0 0.0515625 0.353125 0.0171875 0.046875
0 0.090625 0.45234375 0.05546875 0.309375
0 0.134375 0.4390625 0.03046875 0.278125
0 0.165625 0.50078125 0.0609375 0.34609375
0 0.2546875 0.44140625 0.03828125 0.28359375
0 0.28671875 0.48671875 0.046875 0.290625
0 0.3234375 0.459375 0.02734375 0.25546875
0 0.35234375 0.525 0.021875 0.35859375
0 0.384375 0.55234375 0.078125 0.44609375
0 0.62890625 0.5453125 0.0734375 0.3765625
0 0.81015625 0.6453125 0.1734375 0.709375
0 0.88515625 0.39140625 0.0171875 0.08359375
0 0.940625 0.38203125 0.02265625 0.096875