0 0.2515625 0.559375 0.0296875 0.1234375
0 0.025 0.4859375 0.03046875 0.06640625
0 0.30390625 0.48359375 0.0171875 0.08359375
0 0.3515625 0.4625 0.0171875 0.06640625
0 0.41171875 0.47578125 0.015625 0.065625
0 0.38203125 0.5890625 0.034375 0.14140625
0 0.44375 0.56953125 0.02421875 0.11953125
0 0.5953125 0.5140625 0.0265625 0.096875
0 0.8203125 0.5609375 0.03203125 0.125
0 0.865625 0.615625 0.02890625 0.1984375
0 0.8359375 0.64609375 0.02265625 0.0859375
0 0.7765625 0.61328125 0.02421875 0.1015625