0 0.3015625 0.5265625 0.12578125 0.54453125
0 0.11875 0.35 0.0140625 0.078125
0 0.1421875 0.34140625 0.01640625 0.09453125
0 0.1609375 0.3640625 0.0171875 0.13359375
0 0.19765625 0.359375 0.025 0.14140625
0 0.24609375 0.35390625 0.0234375 0.153125
0 0.403125 0.44609375 0.07421875 0.40859375
0 0.49375 0.47890625 0.0984375 0.50546875
0 0.35703125 0.3703125 0.0125 0.14609375
0 0.565625 0.3484375 0.0140625 0.1359375
0 0.53125 0.34375 0.0125 0.115625
0 0.5109375 0.29609375 0.01328125 0.05546875
0 0.4515625 0.3109375 0.02265625 0.075
0 0.6484375 0.28046875 0.0125 0.06953125
0 0.578125 0.2890625 0.01796875 0.075
0 0.709375 0.315625 0.01953125 0.08046875
0 0.7375 0.36328125 0.04140625 0.22109375
0 0.75625 0.34296875 0.0140625 0.15
0 0.8015625 0.33671875 0.0296875 0.140625
0 0.81875 0.3171875 0.01328125 0.08203125
0 0.85 0.33671875 0.0328125 0.15390625
0 0.8703125 0.353125 0.0421875 0.13359375