0 0.03515625 0.66328125 0.0703125 0.61328125
0 0.15625 0.59453125 0.06171875 0.41015625
0 0.08671875 0.4890625 0.0453125 0.259375
0 0.24765625 0.584375 0.06015625 0.39375
0 0.15703125 0.40234375 0.0640625 0.15078125
0 0.32578125 0.534375 0.03828125 0.29453125
0 0.3609375 0.53125 0.0421875 0.2703125
0 0.4140625 0.47734375 0.03203125 0.2125
0 0.54140625 0.45703125 0.0453125 0.13046875
0 0.45 0.44609375 0.01640625 0.11796875
0 0.478125 0.45078125 0.01484375 0.12734375
0 0.29609375 0.428125 0.03671875 0.14296875
0 0.7328125 0.43515625 0.01484375 0.09609375
0 0.8953125 0.41796875 0.02265625 0.10390625
0 0.97890625 0.41640625 0.01953125 0.0921875
0 0.49921875 0.42265625 0.015625 0.090625