0 0.4171875 0.446875 0.05546875 0.3484375
0 0.24453125 0.36640625 0.0109375 0.071875
0 0.4546875 0.4046875 0.01796875 0.1125
0 0.4890625 0.43203125 0.040625 0.26953125
0 0.53203125 0.39375 0.0234375 0.12109375
0 0.1171875 0.396875 0.01640625 0.06640625
0 0.6828125 0.38125 0.028125 0.15703125
0 0.7125 0.41875 0.03828125 0.1375
0 0.7359375 0.35234375 0.01796875 0.0734375
0 0.796875 0.378125 0.03203125 0.1484375
0 0.8375 0.3890625 0.02578125 0.1109375
0 0.915625 0.35703125 0.02109375 0.075
0 0.959375 0.3828125 0.0140625 0.0625
0 0.94140625 0.3890625 0.0171875 0.08046875