0 0.10859375 0.546875 0.2171875 0.8609375
0 0.09296875 0.36953125 0.015625 0.07421875
0 0.146875 0.37890625 0.0140625 0.11171875
0 0.19375 0.384375 0.0203125 0.10859375
0 0.178125 0.384375 0.0203125 0.0984375
0 0.2328125 0.36015625 0.015625 0.09921875
0 0.25234375 0.359375 0.01796875 0.09375
0 0.2671875 0.459375 0.06484375 0.26875
0 0.3078125 0.446875 0.04375 0.25859375
0 0.378125 0.49140625 0.05390625 0.32578125
0 0.36328125 0.3859375 0.02578125 0.17890625
0 0.32109375 0.328125 0.01484375 0.07734375
0 0.45859375 0.453125 0.0390625 0.23203125
0 0.421875 0.39453125 0.028125 0.153125
0 0.43515625 0.34765625 0.0140625 0.0859375
0 0.5140625 0.41953125 0.02578125 0.16953125
0 0.54375 0.40078125 0.02734375 0.14609375
0 0.6015625 0.37265625 0.01953125 0.10625
0 0.60390625 0.4 0.04375 0.10859375
0 0.75546875 0.36484375 0.0125 0.078125
0 0.7625 0.35078125 0.01875 0.08046875
0 0.12734375 0.3546875 0.015625 0.06796875